14.524506
38.176063
10.673860
3.705076
2.102398
1.461585
1.145616
0.974108
0.878079
0.825304
0.798959
0.789067
0.789914
0.797102
0.808576
0.822048
0.836592
0.851101
0.864869
0.877625
0.888780
0.897852
0.905033
0.910054
0.912214
0.912414
0.909593
0.904497
0.896589
0.886271
0.873232
0.857763
0.839916
0.819944
0.797599
0.773427
0.747286
0.719875
0.690731
0.660903
0.630071
0.599085
0.568731
0.538347
0.510574
0.482922
0.459940
0.439874
0.425467
0.415527
0.411837
0.412239
0.419804
0.433891
0.453512
0.474777
0.500072
0.527342
0.559086
0.587825
0.620046
0.648407
0.678260
0.706653
0.738059
0.642755
0.671804
0.697970
0.721614
0.742467
0.760676
0.775756
0.788278
0.797536
0.803974
0.807308
0.807826
0.805308
0.800171
0.791858
0.781016
0.767286
0.751343
0.733044
0.712636
0.690087
0.666123
0.640759
0.614498
0.587737
0.561127
0.535061
0.510682
0.488530
0.470057
0.455734
0.447260
0.444985
0.449981
0.462302
0.481528
0.507811
0.540132
0.578350
0.620855
0.667824
0.718242
0.772543
0.830179
0.891298
0.956034
1.025009
1.098981
1.179113
1.266874
1.364444
1.474989
1.602763
1.754115
1.938486
2.170470
2.474260
2.892629
3.510918
4.529089
6.578052
10.420829
26.039242
6.314557
1.820399
0.942133
0.726846
0.685976
0.681593
0.680637
0.675320
0.665474
0.651456
0.634624
0.615603
0.595670
0.575300
0.555654
0.537129
0.521116
0.507735
0.498045
0.492463
0.491523
0.495006
0.503453
0.516054
0.532391
0.552272
0.575194
0.600209
0.626807
0.654453
0.682474
0.710739
0.738549
0.765680
0.791737
0.816615
0.839915
0.861246
0.881007
0.898291
0.913563
0.926286
0.936356
0.944281
0.949519
0.951997
0.951420
0.948750
0.943746
0.935213
0.925057
0.911752
0.896717
0.878401
0.859631
0.837876
0.815640
0.790737
0.764400
0.738055
0.712469
0.684888
0.657502
0.360656
0.315913
0.270965
0.226369
0.183623
0.145696
0.117132
0.107068
0.120709
0.153185
0.193409
0.237761
0.285219
0.331306
0.378709
0.424902
0.470794
0.515653
0.558386
0.600244
0.640620
0.678859
0.715624
0.750343
0.783006
0.813577
0.842267
0.868720
0.893478
0.915967
0.936952
0.955864
0.973671
0.989867
1.005511
1.019963
1.034285
1.048684
1.063944
1.080540
1.099203
1.121094
1.146374
1.176796
1.213182
1.257209
1.310145
1.373975
1.450830
1.543234
1.654649
1.789325
1.953185
2.154645
2.406059
2.726782
3.148543
3.728375
4.579565
5.969549
8.742687
18.047725
46.997174
12.802480
4.283368
2.337574
1.573343
1.208344
1.019366
0.919109
0.867003
0.841866
0.831946
0.830717
0.833811
0.839086
0.844751
0.849752
0.853652
0.855385
0.855511
0.852892
0.848004
0.840381
0.830163
0.817204
0.801702
0.783526
0.762669
0.739487
0.713685
0.685932
0.655860
0.623866
0.590253
0.555010
0.518653
0.481419
0.443822
0.406043
0.369382
0.334206
0.301766
0.274458
0.253504
0.240784
0.238160
0.246303
0.263173
0.289014
0.317917
0.352549
0.387924
0.425003
0.462145
0.499107
0.535587
0.571446
0.605174
0.638072
0.667509
0.696202
0.721640
0.745252
0.766090
0.784930
0.764869
0.778268
0.788405
0.795472
0.799652
0.800508
0.798385
0.793071
0.784920
0.773373
0.759289
0.741976
0.722205
0.699298
0.674170
0.646242
0.616212
0.584095
0.550045
0.514102
0.476999
0.438617
0.399835
0.360618
0.322616
0.285872
0.252805
0.225456
0.206734
0.199558
0.205644
0.224242
0.252093
0.286617
0.325733
0.367425
0.410699
0.454543
0.498977
0.543147
0.587110
0.630312
0.672819
0.714648
0.756024
0.796842
0.837352
0.878168
0.919488
0.962476
1.008062
1.058054
1.114630
1.181495
1.263632
1.369316
1.512017
1.715405
2.026567
2.555301
3.646685
4.332205
10.124034
2.035724
0.648825
0.607053
0.642454
0.660485
0.663619
0.658184
0.647589
0.634701
0.620937
0.607855
0.596131
0.586907
0.580542
0.577744
0.578593
0.583423
0.592017
0.604285
0.619991
0.638357
0.659302
0.682018
0.706456
0.731210
0.757203
0.782911
0.808052
0.833004
0.856725
0.879576
0.900361
0.919973
0.937403
0.952935
0.966433
0.977423
0.986254
0.992331
0.996065
0.997502
0.996370
0.992384
0.986384
0.977772
0.966460
0.952138
0.937415
0.919813
0.900656
0.880915
0.857033
0.834708
0.810108
0.784739
0.760139
0.734737
0.709933
0.687847
0.665367
0.645867
0.632469
0.616784
0.102244
0.057992
0.043228
0.077840
0.124727
0.173196
0.222791
0.272448
0.323555
0.371293
0.417775
0.464355
0.509371
0.551832
0.593226
0.632686
0.670044
0.705436
0.738598
0.770084
0.798589
0.825572
0.849818
0.872195
0.892180
0.909993
0.926124
0.940146
0.952525
0.963616
0.973114
0.982090
0.990297
0.998819
1.006930
1.016617
1.027407
1.040351
1.056568
1.076147
1.100363
1.129837
1.165968
1.209354
1.261502
1.323180
1.396195
1.482006
1.582728
1.700976
1.840040
2.004708
2.201389
2.439453
2.732875
3.103632
3.587944
4.250583
5.220662
6.802685
9.957765
19.501196
50.422244
13.464294
4.379661
2.323456
1.534317
1.173414
0.997208
0.909676
0.866152
0.844651
0.834203
0.828469
0.824522
0.820395
0.814954
0.807715
0.798161
0.786058
0.771449
0.753985
0.733887
0.711180
0.685619
0.657718
0.627226
0.594284
0.559293
0.521912
0.482799
0.441628
0.399013
0.354736
0.309310
0.262731
0.215409
0.167680
0.120265
0.075106
0.042424
0.054503
0.095673
0.142257
0.190026
0.237543
0.284376
0.330364
0.375081
0.418500
0.460333
0.500450
0.538408
0.574436
0.608089
0.639598
0.668405
0.694776
0.718247
0.738878
0.756897
0.771611
0.783587
0.792192
0.797884
0.800572
0.799195
0.795593
0.788514
0.778778
0.765508
0.749697
0.730505
0.708866
0.684036
0.656866
0.626847
0.594556
0.559796
0.522993
0.483877
0.443203
0.400452
0.356428
0.310766
0.264047
0.216233
0.167585
0.118388
0.068738
0.020164
0.033053
0.082520
0.131894
0.181174
0.229440
0.277112
0.323461
0.368803
0.412416
0.454705
0.494867
0.533512
0.569652
0.603841
0.635562
0.664692
0.691474
0.715240
0.736419
0.754642
0.769849
0.782165
0.791319
0.797406
0.800464
0.800217
0.797110
0.790666
0.781491
0.769043
0.754066
0.736232
0.716202
0.694648
0.673229
0.659923
2.389489
7.001188
2.664992
1.319336
1.006068
0.870012
0.792137
0.740704
0.703994
0.677378
0.658466
0.646189
0.639817
0.638818
0.642747
0.651135
0.663358
0.679020
0.697221
0.717778
0.739857
0.763209
0.786946
0.811113
0.834760
0.857840
0.880232
0.901142
0.921044
0.938643
0.954960
0.969074
0.980919
0.990731
0.998016
1.002960
1.005354
1.005358
1.002826
0.997869
0.990438
0.980685
0.968307
0.954059
0.938077
0.919842
0.900079
0.878034
0.855277
0.832646
0.807277
0.783490
0.758364
0.733074
0.710152
0.686566
0.668146
0.649258
0.633454
0.619958
0.611436
0.607260
0.607725
0.613008
0.618813
0.170372
0.220521
0.270156
0.318234
0.366282
0.412411
0.456772
0.500507
0.541744
0.581506
0.619193
0.654608
0.687452
0.719058
0.747693
0.773721
0.796783
0.817775
0.837019
0.852839
0.866726
0.877958
0.887156
0.893954
0.899263
0.902194
0.903974
0.904414
0.903881
0.902848
0.901576
0.900671
0.900934
0.902479
0.906221
0.912790
0.922401
0.936891
0.956254
0.980889
1.012421
1.050859
1.096942
1.151405
1.214933
1.288568
1.372996
1.470019
1.581164
1.708851
1.856430
2.028382
2.231291
2.474433
2.772074
3.146158
3.633403
4.298973
5.273024
6.862271
10.034130
18.717241
48.057743
12.582811
3.982407
2.061829
1.351643
1.048543
0.913875
0.852650
0.822887
0.806681
0.794771
0.784065
0.771878
0.757951
0.741397
0.722218
0.700460
0.675985
0.649011
0.619542
0.587831
0.554050
0.518323
0.480977
0.442083
0.402405
0.361955
0.321485
0.281555
0.243609
0.208973
0.181156
0.163676
0.160397
0.171986
0.195917
0.227995
0.264848
0.304533
0.345282
0.386350
0.427075
0.467446
0.506082
0.543537
0.578886
0.613089
0.644598
0.673769
0.701055
0.725629
0.747224
0.766203
0.782186
0.795976
0.805690
0.813213
0.816947
0.818674
0.816830
0.811878
0.803742
0.792751
0.779536
0.741737
0.721570
0.698633
0.672885
0.644652
0.613931
0.580743
0.545500
0.508351
0.469009
0.428391
0.385925
0.342725
0.298711
0.254706
0.210835
0.169571
0.132992
0.107953
0.103639
0.122044
0.155522
0.196294
0.239729
0.284685
0.329944
0.374801
0.418882
0.461983
0.503602
0.543780
0.582320
0.618753
0.653604
0.685940
0.716399
0.744316
0.770144
0.793485
0.814595
0.833454
0.849897
0.864617
0.877082
0.888123
0.897874
0.906704
0.915370
0.924699
0.935707
0.949823
0.969209
0.996336
1.035237
1.091089
1.172395
1.291425
1.470608
1.752175
2.234920
3.228225
8.674241
23.269201
6.886928
2.585526
1.591127
1.186376
0.979447
0.860813
0.789288
0.746295
0.722239
0.711544
0.710535
0.716741
0.728273
0.743687
0.761767
0.781539
0.802427
0.823714
0.844640
0.865079
0.884450
0.902506
0.919246
0.933737
0.946565
0.956839
0.965361
0.971084
0.974663
0.975590
0.974079
0.969879
0.963305
0.954259
0.942894
0.929115
0.913132
0.895182
0.875135
0.853384
0.829930
0.805742
0.780083
0.754081
0.727896
0.700260
0.675151
0.649571
0.627049
0.605252
0.587141
0.570957
0.559759
0.553176
0.548514
0.550466
0.556764
0.566302
0.579149
0.598822
0.619336
0.641766
0.665974
0.421267
0.463683
0.504401
0.543269
0.580631
0.615596
0.648342
0.678553
0.706433
0.732477
0.755137
0.775210
0.792756
0.807005
0.819325
0.828360
0.835117
0.838813
0.840333
0.839067
0.835494
0.830189
0.822511
0.813166
0.802481
0.790737
0.778309
0.765475
0.753106
0.741329
0.731142
0.723059
0.717726
0.716228
0.718763
0.726799
0.739808
0.759102
0.785055
0.817695
0.856852
0.903134
0.956370
1.017143
1.085197
1.161424
1.246079
1.340587
1.446395
1.565400
1.700702
1.856242
2.037986
2.254228
2.517807
2.848442
3.278847
3.867434
4.730418
6.141220
8.962791
15.786468
40.175469
10.259878
3.140414
1.591898
1.062241
0.866966
0.795020
0.766621
0.752003
0.740085
0.727230
0.711690
0.693586
0.672389
0.649006
0.622975
0.595632
0.566233
0.536382
0.505782
0.475288
0.445662
0.417705
0.392426
0.370728
0.353743
0.342962
0.338721
0.341803
0.351971
0.367979
0.389546
0.415289
0.444265
0.475409
0.507812
0.541107
0.574301
0.607230
0.639246
0.670314
0.699763
0.727639
0.753585
0.777217
0.799227
0.818006
0.834821
0.848111
0.859727
0.868629
0.874325
0.876755
0.877128
0.873244
0.867897
0.859208
0.848299
0.833570
0.817192
0.798259
0.776699
0.751933
0.725856
0.599309
0.564870
0.528913
0.490824
0.451058
0.410403
0.368081
0.325493
0.283474
0.242804
0.203904
0.168331
0.145913
0.136775
0.148659
0.173350
0.209008
0.248809
0.292439
0.336996
0.382078
0.426904
0.471217
0.514608
0.556564
0.597375
0.636571
0.674019
0.709947
0.743596
0.775623
0.805527
0.833336
0.859330
0.883179
0.905330
0.925722
0.944515
0.962206
0.978637
0.994891
1.010714
1.027051
1.044375
1.063756
1.086213
1.112889
1.145359
1.185356
1.235315
1.297919
1.376879
1.476774
1.604141
1.768235
1.983116
2.271849
2.675015
3.273436
4.257706
6.229028
14.012180
36.879615
10.350606
3.612132
2.061351
1.440151
1.132849
0.965228
0.870737
0.818482
0.792076
0.782324
0.782961
0.790592
0.802292
0.816388
0.831675
0.847008
0.862099
0.875724
0.888384
0.898777
0.907714
0.913845
0.918116
0.919686
0.918702
0.915203
0.908982
0.900368
0.889209
0.875430
0.859275
0.840784
0.820031
0.797176
0.772534
0.746330
0.718488
0.689572
0.659920
0.629456
0.598965
0.569386
0.540438
0.512622
0.488049
0.466331
0.449255
0.437185
0.429383
0.428382
0.431943
0.442474
0.457202
0.477644
0.499390
0.525701
0.551536
0.581510
0.613461
0.643171
0.672831
0.700999
0.728122
0.624208
0.654465
0.682479
0.707768
0.730445
0.750512
0.767630
0.782134
0.793309
0.801800
0.806881
0.809602
0.809282
0.805790
0.799639
0.790841
0.779334
0.765299
0.749000
0.730217
0.709667
0.687432
0.663831
0.639152
0.613898
0.588565
0.563775
0.540249
0.518861
0.500520
0.486252
0.476941
0.473482
0.477042
0.487322
0.505161
0.529417
0.559829
0.596408
0.638299
0.684616
0.735026
0.789633
0.848435
0.910688
0.977527
1.048966
1.125911
1.209510
1.301466
1.403972
1.520283
1.654913
1.814370
2.008590
2.252760
2.572078
3.011395
3.659568
4.725749
6.868980
11.047182
27.681181
6.765830
1.966006
1.006983
0.755161
0.699103
0.689867
0.687065
0.681613
0.671702
0.657836
0.640760
0.621535
0.600715
0.579572
0.558351
0.538201
0.519862
0.504042
0.491247
0.482824
0.478764
0.479413
0.484842
0.494814
0.509493
0.527600
0.549347
0.573390
0.599429
0.627040
0.655337
0.683905
0.712494
0.740290
0.767326
0.793362
0.817614
0.840616
0.861448
0.880541
0.897134
0.911780
0.922992
0.932744
0.939240
0.943802
0.945161
0.943909
0.940304
0.933891
0.925081
0.913348
0.899218
0.882677
0.864885
0.843444
0.822419
0.797784
0.772928
0.746994
0.718878
0.692508
0.664512
0.387878
0.344055
0.299780
0.254798
0.211513
0.171626
0.137251
0.115069
0.115909
0.137349
0.172204
0.215087
0.259635
0.304842
0.352003
0.399231
0.445000
0.489704
0.534230
0.576950
0.617761
0.657238
0.695028
0.730830
0.764774
0.796468
0.826541
0.854261
0.880182
0.904110
0.926075
0.946326
0.965172
0.982507
0.998343
1.013930
1.028642
1.043613
1.058770
1.075286
1.093384
1.114262
1.138588
1.167535
1.202113
1.243911
1.294169
1.355074
1.428481
1.517243
1.624379
1.754424
1.912980
2.108436
2.352797
2.665074
3.076308
3.641974
4.472931
5.830368
8.538856
17.747657
46.257111
12.632473
4.241537
2.323393
1.568306
1.206247
1.017706
0.916991
0.864450
0.838941
0.829166
0.828160
0.832094
0.838029
0.845015
0.851103
0.856399
0.859788
0.861367
0.860445
0.857330
0.851286
0.843055
0.831790
0.818069
0.801603
0.782586
0.761049
0.737070
0.710895
0.682385
0.652078
0.619663
0.586054
0.550912
0.514809
0.478223
0.441546
0.405204
0.370222
0.337524
0.308760
0.284180
0.267774
0.260347
0.262578
0.272328
0.291158
0.317209
0.346705
0.380297
0.414945
0.450433
0.488377
0.524034
0.559199
0.594124
0.626118
0.658006
0.685772
0.713669
0.738005
0.760841
0.780496
0.755447
0.770426
0.782587
0.791640
0.797649
0.800582
0.800393
0.797045
0.790860
0.781474
0.768966
0.753862
0.735662
0.714739
0.691371
0.665447
0.637105
0.606395
0.574004
0.539822
0.503909
0.467170
0.429686
0.391918
0.354824
0.318945
0.286407
0.258278
0.237500
0.226590
0.227072
0.239363
0.262049
0.292487
0.328406
0.368104
0.410284
0.453850
0.498525
0.543336
0.588252
0.633024
0.677716
0.721944
0.765994
0.809958
0.854263
0.899071
0.945348
0.993831
1.045774
1.103300
1.168551
1.245941
1.340719
1.462233
1.624969
1.855246
2.204566
2.794023
4.003234
5.055495
12.014783
2.529999
0.738118
0.607147
0.634000
0.654327
0.660542
0.657126
0.647903
0.635513
0.621750
0.607902
0.595182
0.584295
0.576164
0.571236
0.569969
0.572656
0.579051
0.589332
0.603431
0.620337
0.640233
0.662121
0.685826
0.710693
0.736309
0.762365
0.787943
0.813407
0.838118
0.861400
0.883950
0.904324
0.923174
0.940016
0.954869
0.967375
0.977529
0.985444
0.990764
0.993711
0.993940
0.991571
0.987371
0.979806
0.970140
0.958113
0.944832
0.927670
0.908915
0.889742
0.868956
0.844866
0.820327
0.796964
0.772101
0.747164
0.721895
0.696815
0.673006
0.651190
0.634669
0.618492
0.132320
0.086484
0.055332
0.060479
0.099020
0.147165
0.196203
0.246216
0.295559
0.344706
0.393422
0.439672
0.484303
0.528396
0.571048
0.612022
0.650652
0.687445
0.721899
0.754863
0.785322
0.813367
0.839523
0.863227
0.884854
0.904301
0.921838
0.937438
0.951225
0.963614
0.974535
0.984431
0.993994
1.002892
1.012271
1.022104
1.033105
1.046613
1.061907
1.081493
1.104763
1.133364
1.168392
1.210249
1.260650
1.320704
1.391696
1.475563
1.574176
1.690283
1.827172
1.989534
2.183795
2.419275
2.709843
3.077264
3.557416
4.214580
5.176852
6.746257
9.876040
19.448140
50.323835
13.467039
4.393903
2.337851
1.546419
1.182242
1.003200
0.913329
0.868504
0.846598
0.836100
0.831009
0.828022
0.824852
0.820902
0.815020
0.806971
0.796539
0.783450
0.767665
0.749266
0.728035
0.704196
0.677926
0.648781
0.617555
0.583820
0.547864
0.510107
0.470080
0.428872
0.385511
0.341443
0.295839
0.249884
0.203316
0.157430
0.113605
0.077184
0.063436
0.084063
0.123423
0.167544
0.213640
0.260211
0.305898
0.350913
0.394763
0.437290
0.478075
0.517427
0.554449
0.589463
0.622120
0.652601
0.680298
0.705623
0.727923
0.747452
0.764290
0.777969
0.788459
0.796140
0.800670
0.799988
0.798219
0.793133
0.785254
0.773882
0.759904
0.742600
0.722545
0.699564
0.673973
0.645594
0.614779
0.581505
0.545885
0.508347
0.468614
0.427156
0.383934
0.339365
0.293335
0.246328
0.198605
0.150049
0.101696
0.054872
0.026122
0.058178
0.105198
0.153804
0.202132
0.250037
0.297055
0.342910
0.387633
0.430664
0.472248
0.511828
0.549567
0.585071
0.618397
0.649294
0.677680
0.703430
0.726479
0.746806
0.764154
0.778688
0.790286
0.798761
0.804541
0.807225
0.807145
0.804427
0.799101
0.791862
0.782966
0.773895
0.766465
0.766237
0.785655
0.873294
1.676232
5.083362
2.169934
1.175841
0.941382
0.835674
0.772460
0.728673
0.696153
0.671577
0.653378
0.640893
0.633734
0.631632
0.634241
0.641249
0.652232
0.666637
0.684033
0.703817
0.725425
0.748336
0.772208
0.796296
0.820610
0.844307
0.867113
0.889189
0.909856
0.928847
0.946162
0.961513
0.975051
0.985978
0.994930
1.001198
1.005296
1.006771
1.005932
1.002371
0.996485
0.988428
0.977486
0.964994
0.949531
0.933262
0.914024
0.892956
0.870662
0.848164
0.824939
0.799053
0.775135
0.750717
0.725005
0.704378
0.680603
0.661597
0.645184
0.630161
0.618442
0.614452
0.610560
0.612130
0.615889
0.140356
0.190747
0.241013
0.290172
0.339439
0.385998
0.431885
0.476882
0.519179
0.560340
0.598895
0.636020
0.670774
0.703005
0.733847
0.761370
0.786978
0.809857
0.830089
0.848167
0.863552
0.876945
0.887900
0.896725
0.903563
0.908364
0.911701
0.913706
0.914585
0.914954
0.914905
0.915027
0.915792
0.918128
0.922375
0.928681
0.938719
0.952781
0.971527
0.995771
1.026406
1.063763
1.108692
1.162050
1.224800
1.297405
1.381134
1.477496
1.588238
1.715759
1.863392
2.035711
2.239269
2.483504
2.782554
3.158675
3.648608
4.317926
5.297469
6.895296
10.083981
18.917329
48.612163
12.758078
4.051009
2.102957
1.378592
1.066450
0.925701
0.861047
0.829536
0.812803
0.800973
0.790907
0.779571
0.766696
0.751206
0.733415
0.712597
0.689483
0.663412
0.635122
0.604219
0.571243
0.536108
0.499082
0.460630
0.420413
0.379605
0.337746
0.296155
0.254826
0.215859
0.180746
0.153350
0.138786
0.141410
0.160374
0.190592
0.227369
0.267452
0.309178
0.351590
0.393290
0.434812
0.474667
0.513677
0.550846
0.586180
0.619412
0.650801
0.679295
0.706021
0.729369
0.750060
0.768090
0.783403
0.795519
0.804668
0.811190
0.813452
0.813662
0.811023
0.804901
0.795545
0.783573
0.752786
0.734237
0.713120
0.688879
0.662362
0.632980
0.601335
0.567234
0.531165
0.493126
0.452992
0.411789
0.368693
0.325157
0.280612
0.235802
0.192025
0.150865
0.115956
0.095228
0.099808
0.125973
0.163581
0.206516
0.251156
0.296718
0.342047
0.386788
0.430576
0.473011
0.514063
0.553462
0.590990
0.626773
0.660210
0.691584
0.720654
0.747374
0.771912
0.793639
0.813278
0.830371
0.845373
0.858195
0.868975
0.878333
0.886114
0.893160
0.900188
0.907837
0.917562
0.931003
0.950290
0.979206
1.022091
1.086524
1.183950
1.333881
1.574524
1.993235
2.863862
7.996605
21.531046
6.438442
2.450437
1.528289
1.152106
0.958839
0.847185
0.779233
0.737764
0.714215
0.703284
0.701921
0.707550
0.718612
0.733614
0.751583
0.771423
0.792408
0.814061
0.835682
0.856771
0.877004
0.896140
0.913765
0.929539
0.943664
0.955588
0.965369
0.972722
0.977875
0.980214
0.980304
0.977923
0.972932
0.965511
0.955560
0.943523
0.928704
0.912236
0.893484
0.873103
0.850833
0.827492
0.802665
0.777500
0.751478
0.725208
0.698528
0.673224
0.649746
0.628423
0.605724
0.590215
0.575970
0.567272
0.558294
0.561671
0.563080
0.569412
0.580301
0.596985
0.614834
0.634505
0.657784
0.394905
0.438145
0.480322
0.520701
0.558828
0.595673
0.629904
0.661859
0.691540
0.718927
0.743683
0.765626
0.784922
0.801555
0.815723
0.827019
0.835321
0.841131
0.844569
0.845724
0.843975
0.840348
0.834599
0.827246
0.818221
0.808232
0.797172
0.785859
0.774622
0.764003
0.754743
0.746980
0.742477
0.740675
0.743321
0.750694
0.763313
0.781833
0.806771
0.838199
0.876645
0.922065
0.974814
1.035044
1.103009
1.179424
1.264822
1.360353
1.467563
1.588514
1.726219
1.884846
2.070276
2.291174
2.560398
2.898225
3.337917
3.939062
4.820068
6.259864
9.138467
16.216529
41.318999
10.587335
3.254821
1.653247
1.098101
0.888600
0.808884
0.776784
0.760613
0.748299
0.735570
0.720503
0.702772
0.682222
0.659126
0.633605
0.606036
0.576877
0.546294
0.515094
0.483299
0.452107
0.421748
0.393570
0.368272
0.346896
0.331194
0.322143
0.320420
0.326321
0.339543
0.358620
0.382878
0.411015
0.441796
0.474440
0.508102
0.542092
0.575932
0.609058
0.641204
0.672132
0.701304
0.729079
0.754361
0.777491
0.798230
0.816270
0.832204
0.845768
0.855804
0.862916
0.867591
0.868868
0.868332
0.863718
0.857473
0.847619
0.835984
0.820083
0.800826
0.781764
0.758188
0.734390
0.619112
0.586230
0.551495
0.514379
0.476140
0.435919
0.394625
0.352354
0.310037
0.267534
0.227032
0.188966
0.159167
0.139539
0.138429
0.155347
0.184175
0.222127
0.264337
0.308086
0.352578
0.397366
0.441944
0.485907
0.528587
0.569986
0.610151
0.648434
0.685151
0.719987
0.752905
0.783772
0.812695
0.839627
0.864352
0.887499
0.908428
0.928160
0.946195
0.962928
0.979081
0.994672
1.010171
1.026905
1.044605
1.065098
1.089348
1.118466
1.154763
1.199834
1.256956
1.329110
1.421326
1.539374
1.692501
1.893981
2.165802
2.546579
3.113226
4.046750
5.918189
13.479267
35.528626
10.012079
3.514047
2.017551
1.417080
1.118984
0.955624
0.862899
0.811241
0.784964
0.775085
0.775795
0.783510
0.795460
0.810196
0.826010
0.842385
0.858250
0.873178
0.886929
0.898950
0.909015
0.916844
0.922566
0.925727
0.926717
0.924730
0.920409
0.913192
0.903919
0.891922
0.877197
0.860454
0.841190
0.820024
0.796768
0.771672
0.745255
0.717218
0.688612
0.658777
0.628828
0.599483
0.571041
0.542811
0.518120
0.494260
0.474874
0.459966
0.449670
0.444041
0.445835
0.452549
0.462012
0.477910
0.501323
0.523579
0.547150
0.576082
0.605375
0.635304
0.666348
0.693623
0.722909
0.604348
0.636346
0.665887
0.693012
0.717450
0.739219
0.758220
0.774624
0.787660
0.798279
0.805718
0.810172
0.811674
0.810919
0.806747
0.799835
0.790094
0.778047
0.763714
0.746913
0.728399
0.707798
0.686034
0.662730
0.639151
0.615232
0.591721
0.569311
0.548499
0.530598
0.516366
0.506624
0.502561
0.504560
0.513409
0.528965
0.551658
0.580644
0.615696
0.656386
0.702192
0.752723
0.807854
0.866967
0.930730
0.999108
1.072844
1.152574
1.239565
1.335418
1.442667
1.564418
1.705629
1.872841
2.076585
2.332435
2.666793
3.126192
3.803229
4.915665
7.149893
11.657494
29.282486
7.207083
2.109803
1.073211
0.785623
0.714016
0.699069
0.694315
0.688456
0.678433
0.664749
0.647608
0.628078
0.606852
0.584641
0.562358
0.540559
0.520157
0.501973
0.486575
0.474987
0.467628
0.465255
0.467500
0.474753
0.487131
0.503368
0.523503
0.546426
0.572002
0.599037
0.627548
0.656319
0.685338
0.714048
0.742034
0.768990
0.794620
0.818638
0.840996
0.861352
0.879692
0.895615
0.909302
0.920083
0.928481
0.934555
0.937113
0.937924
0.935785
0.930623
0.922853
0.913337
0.900500
0.886418
0.867801
0.848400
0.827435
0.804474
0.778772
0.754359
0.725842
0.698757
0.669971
0.414267
0.371519
0.327373
0.283809
0.239548
0.198178
0.160214
0.129795
0.117609
0.126566
0.153801
0.191579
0.234043
0.279556
0.325572
0.372576
0.418550
0.464004
0.508230
0.552126
0.593760
0.634671
0.673263
0.710079
0.745148
0.778288
0.809367
0.838424
0.865612
0.890627
0.913969
0.935196
0.955064
0.973297
0.990341
1.006399
1.021741
1.036965
1.052392
1.068925
1.086398
1.106407
1.129822
1.157169
1.189885
1.229412
1.277167
1.334917
1.404978
1.489680
1.592445
1.717548
1.870559
2.059639
2.296594
2.599867
2.999751
3.550445
4.359860
5.682679
8.322507
17.421718
45.448928
12.443588
4.193264
2.305686
1.561025
1.202680
1.014923
0.914094
0.861103
0.835366
0.825659
0.824957
0.829485
0.836423
0.844217
0.851817
0.858247
0.863311
0.866253
0.867148
0.865457
0.861465
0.854782
0.845392
0.833465
0.818810
0.801385
0.781818
0.759316
0.734892
0.708015
0.679188
0.648429
0.616064
0.582280
0.547376
0.511745
0.475929
0.440368
0.405286
0.372804
0.342448
0.316926
0.297147
0.284031
0.279319
0.285012
0.298355
0.319105
0.343851
0.374652
0.406982
0.442442
0.477136
0.513088
0.547738
0.582480
0.615945
0.647552
0.676647
0.705799
0.730727
0.754767
0.775239
0.744871
0.761507
0.775703
0.786532
0.794572
0.799463
0.801202
0.800005
0.795728
0.788312
0.777825
0.764565
0.748248
0.729415
0.707606
0.683625
0.656909
0.628256
0.597265
0.564765
0.530498
0.495111
0.459014
0.422725
0.386752
0.351979
0.319778
0.291585
0.269640
0.255768
0.252079
0.259341
0.276691
0.302625
0.335318
0.372573
0.413287
0.456149
0.500683
0.545906
0.591799
0.637994
0.684411
0.730862
0.777795
0.824758
0.872701
0.921725
0.972727
1.026709
1.084969
1.149848
1.223759
1.311456
1.418646
1.555602
1.737978
1.994471
2.381187
3.029947
4.354901
5.772719
13.888352
3.026093
0.850899
0.619773
0.630217
0.650419
0.658581
0.656987
0.648933
0.637059
0.623134
0.608764
0.594886
0.582627
0.572592
0.565627
0.562084
0.562336
0.566594
0.574981
0.586909
0.602353
0.620865
0.641716
0.664705
0.689354
0.714815
0.740769
0.766765
0.792755
0.818160
0.842414
0.865690
0.887285
0.907481
0.925568
0.941838
0.955751
0.967680
0.976717
0.983724
0.988182
0.990091
0.989611
0.986073
0.981112
0.972048
0.961601
0.949105
0.933376
0.916272
0.897698
0.876337
0.855555
0.832184
0.807146
0.783043
0.755981
0.727990
0.706569
0.683963
0.659860
0.640119
0.621401
0.162424
0.116337
0.076088
0.059622
0.082363
0.122961
0.171200
0.220435
0.269259
0.319341
0.366988
0.414876
0.460763
0.505237
0.549242
0.589975
0.630862
0.668415
0.704669
0.738978
0.770620
0.800405
0.827627
0.852943
0.876043
0.897236
0.916211
0.933368
0.948565
0.962257
0.974493
0.985687
0.996079
1.005970
1.016012
1.026256
1.037958
1.050922
1.066646
1.085124
1.108221
1.135588
1.169490
1.209867
1.258742
1.316908
1.385944
1.467673
1.564025
1.677793
1.812171
1.971974
2.163475
2.395956
2.683161
3.046573
3.521846
4.172523
5.125561
6.679994
9.779776
19.366416
50.150972
13.449831
4.401679
2.349014
1.556418
1.189855
1.008150
0.916345
0.870309
0.847865
0.837495
0.832965
0.830791
0.828830
0.826166
0.821646
0.815265
0.806310
0.794981
0.780763
0.764138
0.744433
0.722500
0.697440
0.670336
0.640336
0.608180
0.573910
0.537181
0.498900
0.458593
0.416777
0.373824
0.329487
0.284707
0.239493
0.194771
0.152111
0.114557
0.089542
0.089447
0.113975
0.151262
0.194278
0.238628
0.283538
0.328435
0.372363
0.415467
0.456818
0.496612
0.535167
0.571083
0.605229
0.636418
0.665755
0.692627
0.716795
0.737833
0.756286
0.771664
0.784474
0.793615
0.800293
0.799561
0.799627
0.796707
0.790413
0.781285
0.768906
0.753579
0.735273
0.714054
0.690119
0.663387
0.634221
0.602320
0.568404
0.531942
0.493621
0.453253
0.411273
0.367670
0.322762
0.276739
0.229805
0.182470
0.135278
0.089796
0.052793
0.050432
0.085488
0.130656
0.177912
0.225337
0.272686
0.318698
0.364347
0.408091
0.450814
0.491593
0.530609
0.567699
0.602474
0.635196
0.665329
0.693215
0.718312
0.740865
0.760738
0.777686
0.792293
0.803699
0.812796
0.819310
0.823364
0.825815
0.826329
0.826837
0.827784
0.832725
0.846099
0.879299
0.959882
1.179225
1.011295
3.169168
1.680389
1.036571
0.878737
0.802582
0.753433
0.717229
0.688696
0.666203
0.648657
0.636009
0.628075
0.624787
0.626073
0.631566
0.641205
0.654323
0.670744
0.689456
0.710475
0.732986
0.756700
0.780889
0.805443
0.829575
0.852870
0.875808
0.897446
0.917377
0.936085
0.952680
0.967294
0.979881
0.990134
0.998194
1.003665
1.006767
1.007303
1.005412
1.001080
0.993996
0.985508
0.973401
0.960177
0.944650
0.925958
0.907314
0.885033
0.863663
0.839693
0.815451
0.791909
0.767383
0.742466
0.717729
0.696658
0.674925
0.654560
0.640935
0.628564
0.618597
0.610868
0.609131
0.613976
0.110405
0.161724
0.212151
0.262303
0.311881
0.359576
0.406591
0.451823
0.496288
0.538404
0.578347
0.617011
0.653017
0.687105
0.719205
0.748367
0.775814
0.800192
0.822592
0.842216
0.859717
0.874808
0.887627
0.897991
0.906614
0.913278
0.918172
0.921839
0.924058
0.925786
0.926804
0.928279
0.929791
0.932952
0.937389
0.944072
0.954051
0.967792
0.986234
1.009720
1.039422
1.075670
1.119797
1.172008
1.233415
1.305027
1.387906
1.483503
1.593637
1.720694
1.868171
2.040548
2.244442
2.489296
2.789317
3.166838
3.658671
4.330740
5.314159
6.918305
10.119013
19.089531
49.094774
12.914371
4.113689
2.141145
1.404026
1.083309
0.937117
0.868799
0.836008
0.818218
0.806983
0.797163
0.786993
0.775002
0.760841
0.744171
0.724712
0.702776
0.677897
0.650832
0.620788
0.588981
0.554488
0.518122
0.480125
0.440068
0.399066
0.356797
0.313831
0.270814
0.228225
0.188022
0.152033
0.125523
0.115622
0.126422
0.153342
0.189580
0.230100
0.273026
0.316195
0.359627
0.401900
0.443640
0.483640
0.522684
0.559241
0.594461
0.626574
0.657196
0.685326
0.710708
0.733036
0.752922
0.769975
0.784510
0.795619
0.803443
0.808549
0.810361
0.808854
0.804865
0.797334
0.786522
0.762703
0.745898
0.726432
0.704174
0.678907
0.651333
0.620945
0.588257
0.553401
0.516375
0.477409
0.436808
0.394392
0.350922
0.306692
0.261415
0.216774
0.172095
0.131274
0.098547
0.084800
0.098253
0.131378
0.172955
0.217363
0.263085
0.308943
0.354147
0.398659
0.441945
0.483832
0.524238
0.562770
0.599350
0.634000
0.666354
0.696740
0.724297
0.749804
0.772579
0.793126
0.810971
0.826514
0.839629
0.850665
0.859545
0.866735
0.872580
0.877589
0.882385
0.888285
0.896078
0.908413
0.927502
0.957798
1.005599
1.080866
1.201074
1.399494
1.752402
2.497758
7.307775
19.761368
5.980592
2.312177
1.463875
1.116907
0.937675
0.833236
0.768895
0.729181
0.706038
0.695055
0.693069
0.698234
0.708571
0.723327
0.740794
0.760689
0.781661
0.803670
0.825561
0.847419
0.868493
0.888429
0.907105
0.924226
0.939448
0.952859
0.963951
0.972920
0.979480
0.983487
0.985315
0.984326
0.981007
0.975049
0.966865
0.956188
0.943077
0.927759
0.910616
0.891091
0.870503
0.847806
0.823973
0.799011
0.773550
0.747852
0.721759
0.696153
0.671832
0.649223
0.626769
0.606589
0.593616
0.579778
0.573342
0.568456
0.568642
0.572138
0.581567
0.594156
0.612273
0.630399
0.654781
0.367635
0.412130
0.455099
0.497121
0.536827
0.574636
0.610858
0.644462
0.675721
0.704889
0.731083
0.754933
0.776388
0.794998
0.810832
0.824071
0.834512
0.842479
0.847918
0.850698
0.851172
0.849544
0.845697
0.840204
0.832792
0.824667
0.815056
0.805229
0.795191
0.785687
0.777235
0.770448
0.766012
0.764624
0.766998
0.773904
0.786104
0.803907
0.827783
0.858254
0.896222
0.940668
0.992626
1.052500
1.120365
1.196792
1.282658
1.379068
1.487388
1.610014
1.749871
1.911265
2.100077
2.325175
2.599658
2.944118
3.392357
4.005041
4.902728
6.369397
9.300779
16.622683
42.401535
10.899218
3.364690
1.712649
1.133488
0.910055
0.822834
0.786936
0.769198
0.756437
0.743839
0.729228
0.712018
0.692173
0.669524
0.644465
0.617213
0.588051
0.557369
0.525602
0.492965
0.460369
0.427887
0.397247
0.368594
0.343521
0.322701
0.308748
0.301870
0.302792
0.311887
0.328063
0.350372
0.377260
0.407645
0.440408
0.474304
0.509112
0.543600
0.577954
0.611207
0.643479
0.674279
0.703326
0.730234
0.754744
0.777431
0.797624
0.815425
0.829465
0.842404
0.851525
0.857201
0.861530
0.861934
0.859362
0.854467
0.846336
0.835405
0.821357
0.804351
0.785902
0.764531
0.741125
0.638087
0.606780
0.573293
0.537582
0.500150
0.460669
0.420341
0.378748
0.335965
0.293720
0.251777
0.211152
0.175393
0.148326
0.135869
0.141539
0.162388
0.196091
0.235328
0.278104
0.322317
0.367544
0.412218
0.456370
0.499673
0.541895
0.582688
0.621960
0.659589
0.695290
0.729193
0.761050
0.790999
0.818891
0.844809
0.868551
0.890428
0.910695
0.929095
0.946418
0.962406
0.977680
0.992929
1.008633
1.024994
1.043860
1.065360
1.091569
1.123789
1.164280
1.215646
1.281142
1.365234
1.473885
1.615605
1.803240
2.057609
2.415302
2.949151
3.830187
5.598785
12.926597
34.125295
9.658741
3.410849
1.971098
1.392300
1.104014
0.945213
0.854545
0.803528
0.777511
0.767466
0.768166
0.775965
0.788090
0.803274
0.819740
0.836805
0.853522
0.869697
0.884378
0.897961
0.909164
0.918839
0.925885
0.930759
0.933106
0.933045
0.930329
0.925200
0.917235
0.906756
0.894021
0.878736
0.861156
0.841399
0.819579
0.796032
0.770542
0.743864
0.716035
0.687004
0.658533
0.628927
0.600466
0.572221
0.546133
0.521828
0.501012
0.482661
0.470481
0.462108
0.459774
0.462675
0.470283
0.482631
0.502236
0.523392
0.547424
0.571783
0.598483
0.627964
0.655850
0.687310
0.714198
0.583816
0.617118
0.648516
0.677169
0.703389
0.726925
0.747974
0.765984
0.781566
0.793716
0.803079
0.809807
0.813584
0.814075
0.812366
0.807605
0.800047
0.790049
0.777357
0.762678
0.745661
0.727199
0.707018
0.685899
0.663616
0.641103
0.618910
0.597462
0.577618
0.560235
0.546024
0.536215
0.531369
0.532331
0.539661
0.553853
0.574936
0.602292
0.636092
0.675841
0.721041
0.771033
0.826185
0.886151
0.951039
1.020837
1.096728
1.178910
1.269043
1.368660
1.480273
1.607377
1.754720
1.929527
2.142183
2.409402
2.758096
3.236849
3.941621
5.098568
7.420448
12.250745
30.840428
7.638054
2.251520
1.140396
0.817869
0.730413
0.709077
0.702284
0.695575
0.685647
0.671919
0.654924
0.635126
0.613598
0.590647
0.567374
0.544125
0.521915
0.501364
0.483555
0.468844
0.458131
0.452401
0.451375
0.455762
0.465114
0.479265
0.497575
0.519313
0.544109
0.570779
0.598919
0.628164
0.657337
0.686788
0.715551
0.743384
0.770290
0.795434
0.819242
0.841066
0.860594
0.878105
0.892914
0.906365
0.916380
0.923310
0.927924
0.930617
0.930046
0.927158
0.921093
0.912455
0.899330
0.887952
0.871470
0.851857
0.832521
0.810035
0.786677
0.759959
0.733751
0.704687
0.680629
0.440527
0.397987
0.355215
0.311082
0.267984
0.224969
0.185138
0.149278
0.127610
0.121856
0.140757
0.169540
0.210841
0.253611
0.299237
0.345481
0.392081
0.437764
0.482195
0.526365
0.568953
0.610719
0.650226
0.688391
0.724577
0.758693
0.791122
0.821392
0.849645
0.876062
0.900351
0.922963
0.943648
0.962964
0.980645
0.997788
1.013560
1.029158
1.044748
1.060780
1.078245
1.097516
1.119803
1.145762
1.176611
1.213958
1.259100
1.313714
1.380181
1.460748
1.559005
1.678884
1.826064
2.008445
2.237508
2.531284
2.919167
3.454040
4.240641
5.526741
8.093891
17.069845
44.573451
12.236372
4.138966
2.284904
1.551918
1.197729
1.011355
0.910521
0.857238
0.831382
0.821586
0.821292
0.826307
0.834088
0.842945
0.851638
0.859469
0.865910
0.870448
0.872932
0.872976
0.870618
0.865592
0.858194
0.847757
0.835032
0.819380
0.801598
0.780912
0.758034
0.732713
0.705543
0.676281
0.645327
0.612886
0.579076
0.544712
0.509598
0.474814
0.440271
0.407154
0.376785
0.349275
0.326932
0.310589
0.301509
0.301645
0.309085
0.323247
0.345677
0.371117
0.401587
0.434032
0.467948
0.502812
0.538171
0.571375
0.605398
0.636453
0.667700
0.696106
0.724215
0.747865
0.771699
0.732865
0.751778
0.767464
0.780432
0.790228
0.797258
0.800882
0.801495
0.799397
0.793953
0.785526
0.774182
0.760045
0.742800
0.723047
0.701078
0.675980
0.649128
0.619756
0.589085
0.556299
0.522536
0.487906
0.452763
0.418164
0.384366
0.352940
0.324841
0.301985
0.286328
0.279359
0.282214
0.295203
0.317069
0.345874
0.380479
0.419587
0.461493
0.505514
0.551021
0.597559
0.644942
0.693080
0.741722
0.790990
0.840937
0.892511
0.945463
1.001314
1.060489
1.125218
1.197140
1.279747
1.377354
1.496890
1.648795
1.850460
2.132517
2.555761
3.262493
4.700761
6.482459
15.741854
3.521040
0.978392
0.644159
0.631378
0.648854
0.658088
0.657825
0.650673
0.639332
0.625253
0.610441
0.595504
0.581769
0.570056
0.561016
0.555180
0.553095
0.555042
0.561094
0.570870
0.584556
0.601348
0.621159
0.643218
0.667064
0.692466
0.718498
0.744619
0.771083
0.797106
0.822317
0.846298
0.869288
0.890356
0.909906
0.927383
0.942941
0.956008
0.966837
0.975356
0.981749
0.984937
0.986021
0.983692
0.979889
0.972963
0.963683
0.953105
0.938607
0.923018
0.905852
0.885981
0.864332
0.840044
0.816791
0.790569
0.766485
0.741330
0.715123
0.690176
0.668254
0.646713
0.624230
0.192363
0.145813
0.101937
0.072162
0.072611
0.104733
0.146178
0.194829
0.243510
0.292439
0.341269
0.389204
0.435698
0.481059
0.525242
0.568491
0.609597
0.648762
0.686331
0.721371
0.754585
0.785631
0.814989
0.841401
0.866409
0.888631
0.909299
0.927781
0.944547
0.959511
0.973130
0.985380
0.996735
1.007584
1.018427
1.029299
1.041256
1.054443
1.069785
1.088333
1.110332
1.137087
1.169461
1.208522
1.255551
1.311821
1.378800
1.458215
1.552198
1.663291
1.795055
1.951964
2.140406
2.369471
2.652836
3.011704
3.481301
4.124576
5.066862
6.603861
9.669084
19.256023
49.903905
13.412851
4.403131
2.356933
1.564702
1.196292
1.012434
0.918671
0.871687
0.848475
0.838535
0.834228
0.833083
0.832229
0.830726
0.827883
0.822759
0.815660
0.805718
0.793459
0.778261
0.760579
0.739968
0.716947
0.691092
0.663073
0.632196
0.599522
0.564320
0.527461
0.488455
0.448055
0.406291
0.363286
0.319650
0.275632
0.232125
0.190193
0.152319
0.122520
0.108903
0.117411
0.143385
0.180359
0.221128
0.264581
0.307891
0.351456
0.394721
0.436211
0.477182
0.515969
0.553063
0.587743
0.621161
0.651423
0.679620
0.705191
0.727914
0.748161
0.765720
0.779692
0.791128
0.798856
0.798006
0.799936
0.798902
0.794607
0.787286
0.776912
0.763381
0.746950
0.727611
0.705329
0.680338
0.652659
0.622496
0.589846
0.555024
0.517822
0.479049
0.438058
0.395749
0.351911
0.306901
0.261144
0.214809
0.168817
0.124550
0.085742
0.064844
0.078368
0.114434
0.158151
0.204187
0.250789
0.297116
0.342758
0.387565
0.430907
0.472849
0.513217
0.551491
0.588265
0.622421
0.654767
0.684549
0.711991
0.737030
0.759464
0.779462
0.797004
0.812159
0.825124
0.836068
0.845511
0.853831
0.862375
0.872083
0.886072
0.908237
0.947187
1.019806
1.167614
1.521840
0.598824
1.309815
1.208208
0.904668
0.819329
0.771129
0.735508
0.706501
0.682027
0.661417
0.644644
0.631795
0.623059
0.618571
0.618387
0.622407
0.630476
0.642257
0.657193
0.675113
0.695307
0.717361
0.740683
0.764776
0.789394
0.813925
0.837924
0.861450
0.883876
0.904939
0.924657
0.942476
0.958460
0.972205
0.984073
0.993448
1.000561
1.005128
1.007277
1.007003
1.004031
0.998743
0.991148
0.981249
0.968498
0.954592
0.938313
0.919402
0.899925
0.877996
0.855187
0.831810
0.806432
0.782064
0.756231
0.733806
0.709100
0.687405
0.668099
0.650155
0.635506
0.623338
0.614988
0.611615
0.612081
0.080099
0.131579
0.182767
0.234029
0.284032
0.333076
0.380756
0.426903
0.472212
0.515067
0.557274
0.596774
0.634487
0.669841
0.702928
0.734904
0.763516
0.789450
0.814001
0.835425
0.854309
0.871333
0.885744
0.898346
0.908297
0.916724
0.923372
0.928469
0.932181
0.935214
0.937519
0.940018
0.942578
0.946034
0.951148
0.958368
0.968317
0.981868
0.999586
1.022581
1.051384
1.086685
1.129712
1.180810
1.241102
1.311555
1.393306
1.487894
1.597213
1.723702
1.870666
2.042808
2.246635
2.491708
2.792244
3.170539
3.663588
4.337262
5.323129
6.931131
10.139129
19.233365
49.504644
13.051799
4.170530
2.176628
1.428085
1.099510
0.947816
0.876488
0.841744
0.823546
0.812458
0.803026
0.793982
0.782969
0.770091
0.754679
0.736550
0.715848
0.692378
0.666406
0.637692
0.606794
0.573273
0.537926
0.500303
0.461121
0.419994
0.377834
0.334210
0.290236
0.245619
0.201876
0.159834
0.123072
0.098011
0.095138
0.116200
0.151122
0.192572
0.236125
0.280880
0.325237
0.368909
0.412142
0.453638
0.493713
0.532126
0.568425
0.602818
0.634802
0.664585
0.691137
0.715891
0.737840
0.756643
0.772432
0.785699
0.795384
0.802459
0.806370
0.806880
0.804378
0.798788
0.790598
0.771307
0.756490
0.738869
0.718130
0.694691
0.668517
0.639763
0.608465
0.574971
0.539145
0.501420
0.461553
0.420246
0.377208
0.333150
0.287973
0.242209
0.196193
0.151948
0.110781
0.080821
0.075349
0.100382
0.139487
0.183128
0.229316
0.275315
0.321365
0.366402
0.410608
0.453333
0.494583
0.534223
0.571840
0.607497
0.641196
0.672201
0.701352
0.727704
0.751502
0.773117
0.791644
0.808161
0.821706
0.833111
0.841974
0.848782
0.853828
0.857235
0.859919
0.862163
0.865562
0.871079
0.881473
0.899718
0.931265
0.984585
1.074459
1.229509
1.514729
2.131823
6.608475
17.962333
5.514480
2.171555
1.398488
1.081350
0.916472
0.819455
0.758903
0.720906
0.698329
0.687100
0.684675
0.689054
0.698850
0.712915
0.729986
0.749571
0.770716
0.792672
0.815223
0.837415
0.859164
0.879925
0.899674
0.917930
0.934348
0.949026
0.961492
0.972057
0.979828
0.985730
0.988752
0.989686
0.987825
0.983559
0.976797
0.967682
0.956075
0.942360
0.926465
0.908488
0.888680
0.867173
0.844074
0.820436
0.794982
0.770674
0.743914
0.718407
0.692942
0.669289
0.647618
0.625292
0.609569
0.595895
0.585436
0.577324
0.575448
0.577050
0.584288
0.594213
0.608976
0.626193
0.648358
0.340109
0.385784
0.429988
0.472615
0.513860
0.553083
0.590686
0.625875
0.658311
0.689332
0.717309
0.743292
0.766599
0.786947
0.804930
0.819890
0.832413
0.842359
0.849755
0.854700
0.857227
0.857498
0.855339
0.851718
0.846203
0.839462
0.831724
0.823199
0.814641
0.806168
0.798735
0.792612
0.788741
0.787640
0.790155
0.796629
0.808066
0.825582
0.848534
0.878157
0.914763
0.958625
1.010084
1.069133
1.136927
1.213116
1.299246
1.396260
1.505706
1.629708
1.771550
1.935304
2.127232
2.356105
2.635410
2.985827
3.442013
4.065280
4.978314
6.469599
9.449332
17.004260
43.421229
11.195023
3.469878
1.770233
1.168231
0.931405
0.836806
0.797001
0.777748
0.764334
0.752053
0.737770
0.721303
0.702075
0.680069
0.655656
0.628738
0.599880
0.569215
0.537072
0.503850
0.470262
0.436463
0.403439
0.371841
0.343170
0.318218
0.298758
0.286104
0.281708
0.285946
0.298821
0.318333
0.343794
0.373117
0.405892
0.439875
0.475414
0.510754
0.546157
0.580503
0.613971
0.646404
0.676635
0.705315
0.731678
0.756028
0.777702
0.797254
0.813489
0.827295
0.838606
0.846708
0.851476
0.855115
0.854523
0.850394
0.844721
0.834842
0.822617
0.807440
0.790205
0.769809
0.746941
0.656239
0.626313
0.594284
0.559902
0.523705
0.485152
0.445486
0.404894
0.362373
0.319447
0.277080
0.235235
0.196879
0.162331
0.140032
0.132422
0.144395
0.171661
0.207861
0.248946
0.292399
0.336723
0.381830
0.426227
0.470196
0.512903
0.554377
0.594523
0.632906
0.669749
0.704424
0.737438
0.768284
0.797169
0.823934
0.848576
0.871495
0.892169
0.911463
0.928859
0.945057
0.960530
0.975146
0.989917
1.005252
1.022168
1.041346
1.064564
1.092988
1.128811
1.174468
1.233066
1.309061
1.407910
1.537935
1.711269
1.947540
2.281415
2.781371
3.608552
5.271488
12.354826
32.671358
9.291278
3.302878
1.922112
1.366094
1.088188
0.934354
0.845820
0.795695
0.769803
0.759711
0.760297
0.768085
0.780376
0.795889
0.812825
0.830588
0.848264
0.865166
0.881383
0.895908
0.908740
0.919472
0.928208
0.934584
0.938765
0.940211
0.939260
0.935469
0.929434
0.920770
0.909498
0.895953
0.879921
0.861628
0.841388
0.819031
0.795055
0.769510
0.742493
0.714815
0.686386
0.657402
0.628766
0.601468
0.574200
0.549814
0.527638
0.507315
0.491823
0.481464
0.475212
0.475073
0.479925
0.491237
0.505422
0.523368
0.543568
0.567806
0.594089
0.622322
0.652076
0.678443
0.708129
0.562326
0.597278
0.629906
0.660369
0.688261
0.713704
0.736331
0.756465
0.773565
0.788202
0.799351
0.808141
0.813784
0.816599
0.816957
0.814122
0.808340
0.800583
0.790134
0.777090
0.762294
0.745444
0.727181
0.707439
0.686926
0.665908
0.645083
0.624743
0.605905
0.589026
0.575317
0.565142
0.559840
0.560128
0.566348
0.579057
0.598408
0.624699
0.657126
0.695697
0.740177
0.789847
0.845027
0.905380
0.971257
1.042575
1.120176
1.204757
1.297819
1.400902
1.516770
1.648823
1.802114
1.984001
2.205348
2.483277
2.845875
3.343116
4.074478
5.274170
7.680122
12.825686
32.352620
8.058032
2.390948
1.208076
0.851629
0.748099
0.719944
0.710608
0.703135
0.693014
0.679391
0.662425
0.642652
0.620868
0.597310
0.573157
0.548617
0.524801
0.502158
0.481779
0.464045
0.450214
0.440814
0.436702
0.437664
0.444179
0.455402
0.471979
0.491912
0.515651
0.541678
0.569473
0.598574
0.628263
0.658376
0.687748
0.716826
0.744597
0.771136
0.796208
0.819055
0.840616
0.859621
0.876219
0.890675
0.902521
0.911547
0.917867
0.922177
0.922544
0.921474
0.916624
0.909979
0.900012
0.887052
0.873826
0.856796
0.837095
0.815283
0.791687
0.767617
0.741338
0.713433
0.684855
0.465710
0.424457
0.382408
0.339099
0.295024
0.252903
0.211262
0.172758
0.143469
0.127416
0.132359
0.153068
0.188112
0.229934
0.273570
0.319143
0.364919
0.410659
0.456130
0.500813
0.544320
0.585973
0.626891
0.665904
0.703017
0.738276
0.771730
0.803150
0.832723
0.860070
0.885853
0.909327
0.931332
0.951292
0.970310
0.987633
1.004388
1.019951
1.036008
1.051867
1.069092
1.087750
1.108852
1.133641
1.162620
1.197607
1.240021
1.291482
1.354284
1.430695
1.524173
1.638646
1.779724
1.954978
2.175750
2.459490
2.834780
3.352827
4.115349
5.362837
7.853497
16.692616
43.631814
12.011259
4.078895
2.261098
1.541045
1.191849
1.007063
0.906491
0.852991
0.826973
0.817139
0.817195
0.822633
0.831299
0.840922
0.850916
0.860015
0.867732
0.873893
0.877745
0.879660
0.878860
0.875681
0.869986
0.861366
0.850339
0.836527
0.820358
0.801367
0.780296
0.756528
0.731038
0.703321
0.673839
0.642642
0.610264
0.576840
0.542813
0.508692
0.474607
0.442082
0.410438
0.382335
0.358611
0.339373
0.325072
0.321007
0.322958
0.332105
0.349633
0.371903
0.398896
0.428887
0.461553
0.493947
0.527845
0.562172
0.595603
0.628265
0.658578
0.688906
0.715503
0.741781
0.766339
0.720124
0.740600
0.758260
0.773059
0.784969
0.793648
0.799414
0.802061
0.801694
0.798602
0.792108
0.782784
0.770372
0.755457
0.737494
0.716865
0.694106
0.668953
0.641286
0.612354
0.581287
0.548888
0.515875
0.482382
0.448566
0.416352
0.385355
0.357653
0.334402
0.317377
0.307904
0.307578
0.316505
0.334460
0.359945
0.391817
0.428797
0.469337
0.512581
0.558156
0.605467
0.653639
0.703265
0.753798
0.805494
0.858585
0.913244
0.970410
1.030655
1.095195
1.165977
1.244987
1.335909
1.443407
1.574767
1.741472
1.961768
2.268786
2.727593
3.491043
5.040269
7.183538
17.572519
4.012587
1.114855
0.678853
0.637481
0.649684
0.659048
0.659622
0.653311
0.642284
0.628333
0.612866
0.597092
0.582070
0.568575
0.557532
0.549392
0.544904
0.544385
0.547872
0.555595
0.567165
0.582276
0.600705
0.621621
0.644794
0.669607
0.695537
0.721574
0.748567
0.774901
0.800946
0.825843
0.849700
0.872156
0.892854
0.911603
0.928640
0.943090
0.955597
0.965661
0.973469
0.978100
0.980803
0.980819
0.978143
0.972696
0.964766
0.955377
0.942462
0.928317
0.910894
0.892613
0.871285
0.849089
0.826792
0.801146
0.777279
0.750733
0.723104
0.698105
0.673841
0.651645
0.629311
0.222139
0.175315
0.130696
0.092579
0.075034
0.088749
0.126647
0.170608
0.217609
0.266641
0.314713
0.362253
0.410613
0.456847
0.501713
0.545160
0.587391
0.627574
0.666284
0.702867
0.737466
0.770276
0.800547
0.828996
0.855046
0.879036
0.901064
0.920936
0.939072
0.955414
0.970296
0.983739
0.996009
1.007877
1.019302
1.030997
1.043044
1.056492
1.071889
1.090053
1.111240
1.137201
1.168175
1.205941
1.251155
1.305485
1.370120
1.447203
1.538569
1.646941
1.775799
1.929571
2.114575
2.339875
2.618884
2.972642
3.435860
4.070623
5.000814
6.518133
9.544215
19.117305
49.583167
13.355909
4.398018
2.361460
1.570833
1.201380
1.015575
0.920460
0.872023
0.848866
0.838524
0.835143
0.834582
0.834960
0.834716
0.833192
0.829758
0.824117
0.815930
0.805377
0.791828
0.775881
0.757116
0.735579
0.711689
0.684934
0.656124
0.624717
0.591117
0.555672
0.518191
0.479141
0.438614
0.397044
0.354445
0.311846
0.269173
0.228154
0.189981
0.157917
0.136507
0.132092
0.145543
0.173274
0.208564
0.248416
0.290312
0.332905
0.375500
0.417228
0.457884
0.497525
0.535135
0.571539
0.605448
0.637309
0.666259
0.693706
0.718097
0.739797
0.758689
0.774831
0.787368
0.797631
0.795075
0.799160
0.799898
0.797714
0.792250
0.783680
0.772190
0.757429
0.740045
0.719434
0.696232
0.670286
0.641736
0.610710
0.577389
0.541677
0.504053
0.464628
0.423524
0.380790
0.336929
0.292342
0.247235
0.202283
0.159187
0.120165
0.092086
0.087240
0.108607
0.145142
0.187747
0.232634
0.278341
0.323974
0.369004
0.413153
0.456049
0.497525
0.537271
0.575496
0.611547
0.645825
0.677702
0.707678
0.735134
0.760645
0.783658
0.804853
0.823811
0.841267
0.857306
0.872670
0.888342
0.905373
0.926418
0.954684
0.996475
1.063130
1.177232
1.393143
1.879726
0.906228
0.952378
0.790438
0.784705
0.764261
0.741616
0.718750
0.696636
0.675950
0.657304
0.641223
0.628201
0.618669
0.612935
0.611220
0.613613
0.620081
0.630254
0.643916
0.660502
0.679822
0.701163
0.723901
0.748127
0.772431
0.797283
0.821851
0.846033
0.869228
0.891116
0.911771
0.930863
0.947988
0.963440
0.976398
0.987483
0.995941
1.002218
1.005802
1.007044
1.005900
1.001892
0.995779
0.987468
0.976379
0.962771
0.947574
0.930585
0.911956
0.890739
0.868941
0.845555
0.822054
0.797292
0.771174
0.746565
0.723477
0.701445
0.680088
0.660650
0.642665
0.628940
0.620244
0.612503
0.610661
0.049530
0.102056
0.154242
0.205053
0.255353
0.305624
0.354628
0.401252
0.447800
0.492126
0.534639
0.575498
0.614703
0.651982
0.686965
0.719425
0.750166
0.778172
0.803806
0.827104
0.847717
0.866577
0.882853
0.896919
0.909012
0.918854
0.927230
0.933692
0.939172
0.943251
0.947162
0.950268
0.954066
0.958317
0.963894
0.971138
0.981253
0.994631
1.012175
1.034266
1.062265
1.096683
1.138413
1.188428
1.247349
1.316691
1.397262
1.490802
1.599076
1.724624
1.870876
2.042486
2.245933
2.490810
2.791333
3.169863
3.663207
4.337570
5.324369
6.933750
10.144329
19.348861
49.841363
13.169748
4.221264
2.209038
1.450402
1.114589
0.957961
0.883445
0.847091
0.828433
0.817176
0.808767
0.800312
0.790562
0.778949
0.764728
0.748174
0.728671
0.706742
0.681907
0.654642
0.624723
0.592604
0.557930
0.521447
0.482707
0.442351
0.400361
0.356849
0.312430
0.266883
0.221385
0.175725
0.132234
0.093860
0.071555
0.080284
0.112892
0.154747
0.199789
0.245515
0.291356
0.336335
0.380580
0.423416
0.464993
0.504579
0.542515
0.578025
0.612119
0.643148
0.672138
0.698242
0.721567
0.742581
0.760126
0.775257
0.786728
0.795786
0.801534
0.803961
0.803581
0.799910
0.793084
0.778875
0.766043
0.749957
0.731192
0.709299
0.684889
0.657701
0.627819
0.595793
0.561136
0.524601
0.485807
0.445280
0.403210
0.359436
0.314615
0.268836
0.222464
0.176160
0.131045
0.090341
0.063965
0.071622
0.105604
0.148897
0.194892
0.241682
0.288121
0.334116
0.378868
0.422685
0.464809
0.505387
0.544179
0.580855
0.615580
0.647963
0.677964
0.705605
0.730674
0.753089
0.772994
0.789997
0.804646
0.816311
0.825696
0.832400
0.837071
0.839496
0.840438
0.840077
0.839579
0.839537
0.842051
0.849447
0.865720
0.897828
0.957384
1.068232
1.283628
1.768949
5.900326
16.137183
5.040517
2.028425
1.331881
1.045128
0.894848
0.805405
0.748783
0.712572
0.690568
0.679194
0.676172
0.679804
0.688842
0.702203
0.718877
0.737969
0.758976
0.781093
0.803651
0.826196
0.848752
0.870419
0.891040
0.910346
0.927910
0.943804
0.957535
0.969443
0.978869
0.986088
0.990875
0.993241
0.993083
0.990327
0.985266
0.977657
0.967478
0.955111
0.940811
0.924245
0.905249
0.885663
0.863127
0.840092
0.816039
0.790631
0.764642
0.740676
0.714330
0.690532
0.666288
0.644699
0.627186
0.610489
0.599454
0.588085
0.584380
0.583218
0.587492
0.594183
0.607055
0.621869
0.640399
0.312145
0.358551
0.403682
0.447668
0.489996
0.530618
0.569481
0.606487
0.640979
0.673151
0.703250
0.730733
0.755590
0.778090
0.797616
0.814954
0.829390
0.841303
0.850464
0.857317
0.861923
0.864113
0.864025
0.862143
0.858540
0.853457
0.847138
0.840260
0.832873
0.825756
0.819189
0.814107
0.810484
0.809746
0.812165
0.818797
0.830023
0.846167
0.868724
0.897418
0.933316
0.976052
1.026714
1.085201
1.152415
1.228570
1.314917
1.412373
1.522565
1.647806
1.791247
1.957149
2.151761
2.384100
2.667646
3.023542
3.486791
4.119799
5.046696
6.560309
9.584048
17.360635
44.376620
11.474409
3.570291
1.825808
1.202173
0.952571
0.850537
0.807152
0.785937
0.772332
0.759853
0.746317
0.730402
0.711936
0.690682
0.666942
0.640632
0.612133
0.581751
0.549449
0.516228
0.481603
0.446766
0.412158
0.378009
0.346135
0.316936
0.292589
0.274117
0.263715
0.262325
0.270379
0.286793
0.309839
0.338398
0.370491
0.404884
0.440657
0.476927
0.513327
0.548897
0.583837
0.617444
0.649113
0.679236
0.707364
0.733316
0.756629
0.778139
0.796543
0.812045
0.824659
0.835101
0.842486
0.846289
0.847644
0.845761
0.840839
0.833636
0.822892
0.809704
0.793528
0.774687
0.754254
0.673312
0.644993
0.614384
0.581291
0.546249
0.508990
0.470244
0.430167
0.388422
0.345654
0.303190
0.260099
0.219640
0.182081
0.150778
0.131337
0.131369
0.150321
0.181222
0.219756
0.262423
0.306292
0.351068
0.395700
0.439807
0.483359
0.525325
0.566350
0.605551
0.643192
0.679064
0.712818
0.744747
0.774542
0.802284
0.827833
0.851549
0.872904
0.892781
0.910575
0.927200
0.942480
0.956878
0.970930
0.985207
1.000476
1.017582
1.037799
1.062451
1.093659
1.133534
1.185364
1.252922
1.341907
1.459793
1.618401
1.836007
2.145341
2.610458
3.382279
4.936778
11.764819
31.169084
8.910252
3.190417
1.870834
1.338458
1.071514
0.922908
0.836824
0.787682
0.761921
0.751880
0.752161
0.760005
0.772292
0.788011
0.805432
0.823710
0.842226
0.860089
0.877263
0.892929
0.907027
0.919362
0.929437
0.937257
0.942903
0.946220
0.946621
0.944880
0.940333
0.933462
0.923767
0.911832
0.897416
0.880709
0.861824
0.841024
0.818124
0.793881
0.768021
0.741353
0.713660
0.685310
0.657394
0.628999
0.601954
0.576388
0.552928
0.532047
0.514963
0.501674
0.492834
0.489123
0.489910
0.497951
0.509479
0.524740
0.542781
0.564485
0.591036
0.616338
0.644305
0.673702
0.700288
0.540037
0.576357
0.610574
0.642444
0.672144
0.699192
0.723824
0.745954
0.765043
0.781039
0.794471
0.805179
0.812854
0.817325
0.820094
0.819276
0.816054
0.809753
0.801316
0.790320
0.777602
0.762514
0.746430
0.728235
0.709339
0.689801
0.670293
0.651105
0.633093
0.617176
0.603528
0.593731
0.588222
0.587549
0.593099
0.604350
0.622761
0.647255
0.678298
0.715984
0.759652
0.808983
0.864185
0.924691
0.991422
1.063852
1.143306
1.230028
1.325764
1.432147
1.551880
1.688671
1.847594
2.036257
2.265870
2.554053
2.929797
3.444738
4.201651
5.442197
7.928520
13.382021
33.817166
8.466108
2.527397
1.275432
0.886610
0.766666
0.731643
0.719441
0.710995
0.700801
0.687196
0.670432
0.650691
0.628702
0.604844
0.579999
0.554498
0.529166
0.504602
0.481870
0.461434
0.444775
0.431762
0.423742
0.421157
0.424120
0.432860
0.446692
0.464947
0.486956
0.512061
0.539597
0.568679
0.598656
0.629004
0.659267
0.689118
0.717877
0.745723
0.771954
0.796571
0.819181
0.839656
0.858215
0.873748
0.887814
0.898689
0.906932
0.912189
0.914950
0.914716
0.912698
0.906934
0.899288
0.887757
0.874184
0.858968
0.840961
0.820215
0.798577
0.772133
0.747841
0.720787
0.692751
0.490460
0.450183
0.408866
0.366324
0.323211
0.279939
0.237654
0.198282
0.163095
0.138569
0.129315
0.142531
0.168697
0.205852
0.246875
0.291873
0.337713
0.383087
0.429024
0.473884
0.518045
0.560550
0.602112
0.641971
0.680241
0.716560
0.751134
0.783749
0.814364
0.843009
0.869704
0.894501
0.917403
0.938456
0.958175
0.976416
0.993597
1.009942
1.025954
1.042117
1.058728
1.076768
1.096899
1.120276
1.147599
1.180371
1.220064
1.268285
1.327222
1.399433
1.487931
1.596804
1.731451
1.899290
2.111391
2.384585
2.746575
3.246971
3.984277
5.191108
7.601547
16.290986
42.625890
11.768296
4.012725
2.234081
1.528141
1.184549
1.001837
0.901674
0.848206
0.821907
0.812281
0.812335
0.818485
0.827629
0.838341
0.849274
0.859610
0.868762
0.876219
0.881724
0.885147
0.886256
0.884658
0.880613
0.873890
0.864631
0.852716
0.837959
0.821032
0.801517
0.779631
0.755453
0.729324
0.701140
0.671491
0.640363
0.607992
0.575059
0.541272
0.508165
0.475207
0.444183
0.415516
0.389372
0.367976
0.352290
0.341329
0.339238
0.345209
0.357071
0.375524
0.398971
0.425550
0.455427
0.487845
0.519507
0.553028
0.586684
0.618446
0.649937
0.680531
0.707802
0.736147
0.760612
0.706200
0.728362
0.747977
0.764581
0.778219
0.789118
0.796978
0.801538
0.803284
0.801831
0.797671
0.790074
0.779830
0.766809
0.750891
0.732306
0.711072
0.687897
0.662091
0.634855
0.605328
0.575055
0.543013
0.511079
0.478840
0.447363
0.417371
0.390205
0.366797
0.348908
0.337695
0.334731
0.340484
0.354791
0.377089
0.406524
0.440758
0.479766
0.522164
0.567581
0.614964
0.664269
0.715194
0.767264
0.821516
0.877124
0.935183
0.996110
1.060760
1.130474
1.207130
1.293076
1.392054
1.509201
1.652101
1.833093
2.071589
2.402902
2.896444
3.715196
5.372809
7.874300
19.377196
4.499769
1.256843
0.722454
0.648025
0.652958
0.661150
0.662275
0.656575
0.645825
0.631870
0.615954
0.599374
0.583036
0.567981
0.554909
0.544579
0.537551
0.534449
0.535291
0.540656
0.549768
0.563078
0.579787
0.599710
0.621871
0.645871
0.671601
0.698218
0.724997
0.751913
0.778329
0.804179
0.828932
0.852524
0.874260
0.894576
0.912701
0.929009
0.942770
0.954499
0.963464
0.970038
0.974251
0.975853
0.974200
0.971402
0.964198
0.956733
0.944896
0.932184
0.915365
0.897845
0.878699
0.857486
0.834108
0.810839
0.784853
0.758811
0.734777
0.708582
0.684512
0.656585
0.636486
0.251381
0.204611
0.160270
0.118619
0.088644
0.084631
0.108764
0.146785
0.192597
0.241471
0.288045
0.337065
0.384152
0.431309
0.477592
0.521743
0.564834
0.606244
0.645787
0.683605
0.719456
0.753577
0.785254
0.814948
0.842429
0.868018
0.891348
0.912773
0.932256
0.949909
0.966047
0.980567
0.994074
1.006855
1.019192
1.031182
1.043762
1.057396
1.072675
1.090303
1.111221
1.135776
1.166108
1.202040
1.245573
1.297814
1.360169
1.434746
1.523426
1.628873
1.754556
1.904869
2.086145
2.307256
2.581490
2.929535
3.385624
4.010916
4.927428
6.422843
9.405197
18.950194
49.188910
13.279367
4.386660
2.362923
1.575231
1.205256
1.018205
0.921395
0.872277
0.848395
0.838391
0.835261
0.835695
0.837027
0.838115
0.837917
0.836054
0.832013
0.825581
0.816526
0.804886
0.790560
0.773562
0.753895
0.731516
0.706594
0.679139
0.649568
0.617510
0.583587
0.547546
0.509939
0.470803
0.430457
0.389219
0.347610
0.306095
0.265789
0.227719
0.194072
0.168209
0.155149
0.157237
0.174047
0.202712
0.237613
0.276296
0.316743
0.358201
0.399543
0.439790
0.480428
0.518202
0.555195
0.589811
0.623154
0.653628
0.681788
0.707642
0.731196
0.751428
0.769577
0.783953
0.796287
0.791019
0.797176
0.799697
0.799571
0.795968
0.789434
0.779704
0.767044
0.751338
0.732687
0.711270
0.687009
0.660139
0.630657
0.598876
0.564725
0.528580
0.490402
0.450729
0.409175
0.366674
0.323174
0.279421
0.235515
0.193390
0.154467
0.123330
0.107877
0.114663
0.140639
0.177413
0.219205
0.263312
0.308300
0.353180
0.397680
0.441263
0.483890
0.524925
0.564570
0.602562
0.638591
0.672895
0.705237
0.735457
0.763999
0.790458
0.815248
0.838666
0.860773
0.882565
0.904421
0.927878
0.954678
0.987557
1.031475
1.093754
1.188972
1.345023
1.627830
2.244027
1.551850
2.760855
0.568920
0.683990
0.714885
0.714666
0.703423
0.687684
0.670640
0.653904
0.638456
0.625355
0.614960
0.608041
0.604825
0.605485
0.610158
0.618610
0.630877
0.645999
0.664220
0.684691
0.707030
0.730548
0.755222
0.780015
0.804895
0.829438
0.853446
0.876323
0.897872
0.918152
0.936393
0.952919
0.967548
0.979831
0.989883
0.997619
1.002831
1.005748
1.005767
1.003693
0.998988
0.991815
0.982285
0.971313
0.956451
0.940945
0.922303
0.902921
0.881882
0.859509
0.834380
0.810831
0.784741
0.761482
0.736754
0.713099
0.690573
0.670589
0.652282
0.637374
0.623978
0.615027
0.612226
0.024248
0.074235
0.125996
0.176927
0.228034
0.277863
0.327228
0.375509
0.422885
0.467745
0.511934
0.553801
0.594518
0.632986
0.669281
0.703646
0.735555
0.765064
0.792694
0.817719
0.840258
0.860447
0.878573
0.894333
0.907934
0.919709
0.929627
0.937815
0.944564
0.950302
0.955060
0.959686
0.964121
0.969153
0.975129
0.983027
0.993177
1.006330
1.023553
1.044983
1.072250
1.105667
1.146280
1.194942
1.252580
1.320529
1.399759
1.492020
1.599099
1.723574
1.868850
2.039568
2.242322
2.486562
2.786582
3.164640
3.657690
4.331597
5.317844
6.926201
10.134541
19.435590
50.104120
13.268520
4.266078
2.238669
1.471199
1.128839
0.967620
0.889928
0.852089
0.832753
0.821737
0.813822
0.806309
0.797731
0.787293
0.774610
0.759213
0.741418
0.720634
0.697456
0.671295
0.642946
0.611815
0.578496
0.542895
0.505136
0.465573
0.424111
0.381106
0.336723
0.291079
0.244723
0.197528
0.150579
0.104736
0.064539
0.048382
0.074360
0.116962
0.163407
0.210512
0.257633
0.303862
0.349330
0.393247
0.436168
0.477254
0.516342
0.553730
0.588653
0.621854
0.652106
0.679975
0.705332
0.727508
0.747637
0.764223
0.777959
0.788797
0.796159
0.800831
0.802240
0.800470
0.795666
0.785373
0.774269
0.760162
0.743132
0.722897
0.700417
0.674545
0.646436
0.615646
0.582503
0.547093
0.509563
0.469979
0.428682
0.385942
0.341230
0.296091
0.249359
0.202633
0.155129
0.109770
0.069063
0.050072
0.072830
0.114432
0.160559
0.207846
0.255061
0.301694
0.347259
0.391906
0.434984
0.476558
0.516409
0.554287
0.589994
0.623752
0.654782
0.683786
0.710040
0.733597
0.754699
0.772760
0.788336
0.800836
0.810818
0.817958
0.822547
0.824621
0.824429
0.822401
0.818838
0.814631
0.810642
0.808766
0.811664
0.824021
0.854845
0.921304
1.065357
1.414422
5.184139
14.288279
4.560007
1.883589
1.264844
1.008789
0.873437
0.791666
0.739050
0.704732
0.683333
0.671788
0.668120
0.670952
0.679088
0.691634
0.707607
0.726288
0.747042
0.768921
0.791765
0.814719
0.837647
0.859997
0.881340
0.901663
0.920139
0.937433
0.952474
0.965656
0.976702
0.985571
0.991608
0.995562
0.996926
0.995770
0.992189
0.986135
0.977734
0.966865
0.953691
0.938567
0.921079
0.901817
0.881165
0.859427
0.835143
0.811024
0.785606
0.759929
0.735737
0.710703
0.687308
0.664855
0.644808
0.627250
0.612806
0.599207
0.593423
0.589996
0.592693
0.597557
0.607724
0.620039
0.637722
0.283551
0.330895
0.376972
0.421965
0.465517
0.507331
0.547716
0.585838
0.621495
0.656002
0.687135
0.716663
0.743515
0.767807
0.789630
0.808727
0.824877
0.838791
0.849913
0.858814
0.865132
0.869410
0.871147
0.871095
0.869315
0.865849
0.861353
0.855823
0.849877
0.843902
0.838514
0.833883
0.831162
0.830906
0.833401
0.840010
0.850843
0.866574
0.888285
0.916156
0.950912
0.993029
1.042528
1.100597
1.167035
1.243056
1.329157
1.426926
1.537803
1.663961
1.808797
1.976508
2.173548
2.408827
2.696280
3.057035
3.526689
4.168323
5.107741
6.641495
9.704590
17.691331
45.266443
11.736928
3.665643
1.879196
1.235210
0.973476
0.864224
0.816965
0.794177
0.779863
0.767651
0.754556
0.739422
0.721746
0.701350
0.678344
0.652710
0.624937
0.594806
0.562932
0.529291
0.494533
0.458806
0.422862
0.387027
0.352327
0.319894
0.290595
0.266463
0.249562
0.241663
0.243959
0.255921
0.276467
0.303438
0.334778
0.369324
0.405476
0.442491
0.479791
0.516744
0.552676
0.587538
0.620877
0.652478
0.682173
0.709711
0.735032
0.757726
0.778060
0.795432
0.810586
0.821918
0.830962
0.837661
0.840687
0.840922
0.837555
0.831309
0.823058
0.811451
0.796774
0.779907
0.759173
0.689350
0.662811
0.633541
0.602063
0.568080
0.532241
0.494430
0.454852
0.414149
0.372255
0.329073
0.286274
0.243545
0.203919
0.166963
0.138839
0.126970
0.132837
0.157140
0.192164
0.231976
0.275420
0.319683
0.364508
0.408919
0.452856
0.495736
0.537191
0.577466
0.615821
0.652578
0.687367
0.720279
0.751068
0.779802
0.806254
0.830774
0.852844
0.873608
0.891720
0.908787
0.924008
0.938339
0.951663
0.964929
0.978753
0.993707
1.011302
1.032311
1.059037
1.093263
1.138158
1.197341
1.276147
1.381728
1.525093
1.723507
2.007449
2.436693
3.151717
4.595238
11.157538
29.620857
8.515989
3.073406
1.817094
1.309400
1.053894
0.910885
0.827424
0.779352
0.753845
0.743661
0.743853
0.751440
0.763772
0.779694
0.797302
0.816271
0.835371
0.854110
0.872230
0.889171
0.904330
0.917956
0.929474
0.939009
0.946000
0.950723
0.952960
0.952804
0.949914
0.944679
0.936735
0.926418
0.913638
0.898447
0.881216
0.861593
0.840415
0.817120
0.792533
0.766579
0.739824
0.711776
0.684571
0.656154
0.629753
0.603306
0.579668
0.556598
0.537123
0.521928
0.512046
0.504225
0.505306
0.505657
0.515372
0.526327
0.541991
0.566223
0.585685
0.610538
0.637969
0.666059
0.693348
0.516947
0.554520
0.590282
0.623810
0.655052
0.683835
0.710309
0.733798
0.755078
0.773019
0.788675
0.801422
0.811034
0.818241
0.822185
0.823606
0.821908
0.818104
0.811643
0.802898
0.791909
0.778840
0.764151
0.747958
0.730767
0.712749
0.694641
0.676727
0.659852
0.644493
0.631586
0.621825
0.616180
0.615125
0.619836
0.630070
0.647061
0.670498
0.700372
0.736718
0.779616
0.828544
0.883420
0.944295
1.011407
1.085062
1.165815
1.254605
1.352694
1.462195
1.585695
1.726841
1.891113
2.086157
2.323578
2.621558
3.009824
3.541677
4.322849
5.602343
8.165400
13.918460
35.231610
8.861906
2.660842
1.342637
0.922182
0.786381
0.743819
0.728689
0.719157
0.708634
0.695248
0.678544
0.659088
0.636969
0.612952
0.587585
0.561181
0.534803
0.508467
0.483594
0.460754
0.440685
0.424315
0.412578
0.406288
0.405417
0.410883
0.421973
0.438124
0.458408
0.482341
0.509308
0.537970
0.568058
0.598793
0.629749
0.660290
0.690383
0.719014
0.746772
0.772433
0.796746
0.818533
0.838692
0.856148
0.871440
0.883652
0.894209
0.901217
0.905940
0.907497
0.905866
0.902072
0.895354
0.886995
0.874610
0.861002
0.843181
0.824571
0.803003
0.778578
0.754690
0.727225
0.699433
0.514315
0.475345
0.434722
0.393111
0.350439
0.307057
0.264685
0.223202
0.185490
0.154348
0.135013
0.135219
0.152932
0.184372
0.223021
0.265670
0.310161
0.356234
0.401498
0.446548
0.491457
0.534430
0.576549
0.617475
0.656609
0.694002
0.729569
0.763243
0.795018
0.824767
0.852513
0.878507
0.902407
0.924549
0.945022
0.964124
0.981678
0.998673
1.014757
1.031002
1.047522
1.064927
1.084271
1.106102
1.131767
1.162307
1.199262
1.244281
1.299383
1.367117
1.450580
1.553617
1.681598
1.841680
2.044645
2.306755
2.654857
3.136708
3.847639
5.012022
7.338510
15.865202
41.556760
11.507970
3.940844
2.204117
1.513410
1.176106
0.995728
0.896359
0.842871
0.816504
0.806844
0.807181
0.813612
0.823558
0.834938
0.847064
0.858418
0.869022
0.877789
0.884937
0.889804
0.892511
0.892733
0.890295
0.885487
0.877820
0.867728
0.854928
0.839550
0.821814
0.801342
0.778948
0.754358
0.727717
0.699446
0.669592
0.638333
0.606442
0.573508
0.541125
0.508693
0.477498
0.447399
0.420747
0.397392
0.379282
0.365162
0.360176
0.360124
0.366994
0.381082
0.401279
0.423625
0.452216
0.481896
0.512276
0.545088
0.577853
0.610081
0.641927
0.672551
0.701778
0.728103
0.753949
0.691135
0.715130
0.736618
0.754911
0.770641
0.783320
0.792935
0.799956
0.803232
0.804435
0.801445
0.796357
0.787958
0.777012
0.762818
0.746208
0.727347
0.705741
0.682079
0.656307
0.628646
0.600014
0.569747
0.539186
0.508172
0.477870
0.448943
0.422158
0.399054
0.380481
0.368113
0.363126
0.366129
0.377473
0.396625
0.423016
0.455242
0.492916
0.534310
0.579079
0.626367
0.676395
0.728307
0.782346
0.838329
0.896670
0.957865
1.022375
1.091313
1.165981
1.248329
1.341087
1.447808
1.574313
1.728525
1.923302
2.179580
2.534464
3.061784
3.934406
5.697692
8.553944
21.153456
4.981188
1.402037
0.772809
0.663208
0.658409
0.664701
0.665833
0.660497
0.650104
0.636079
0.619869
0.602417
0.585095
0.568405
0.553490
0.540838
0.531410
0.525566
0.524078
0.526530
0.533470
0.544565
0.559450
0.577599
0.598655
0.622082
0.647256
0.673458
0.700556
0.727669
0.754773
0.781414
0.807165
0.831582
0.854682
0.876135
0.895705
0.913453
0.928548
0.941644
0.952435
0.960671
0.966510
0.969652
0.970336
0.967629
0.963395
0.956248
0.945776
0.934370
0.919814
0.902985
0.886086
0.864781
0.842149
0.818960
0.794236
0.767930
0.742145
0.714968
0.689555
0.665765
0.641054
0.280433
0.234023
0.188812
0.145066
0.109701
0.090479
0.097447
0.128158
0.170899
0.215725
0.262672
0.310839
0.359389
0.405757
0.452136
0.497503
0.541176
0.583565
0.624535
0.663212
0.700465
0.735736
0.768784
0.799935
0.828908
0.855576
0.880557
0.903221
0.924110
0.943088
0.960430
0.976296
0.990784
1.004456
1.017316
1.030134
1.043335
1.057126
1.072055
1.089481
1.109624
1.133714
1.162352
1.197212
1.238799
1.289076
1.349026
1.420967
1.506714
1.609089
1.731287
1.877960
2.055171
2.271703
2.540687
2.882427
3.330612
3.945473
4.846994
6.318176
9.252426
18.755091
48.721846
13.183213
4.368972
2.361014
1.577601
1.207995
1.019770
0.921914
0.871702
0.847570
0.837542
0.834913
0.836184
0.838443
0.840826
0.842147
0.841545
0.839320
0.834276
0.827223
0.817180
0.804627
0.789305
0.771439
0.750751
0.727731
0.701846
0.673848
0.643573
0.610806
0.576680
0.540224
0.502560
0.463622
0.423572
0.383162
0.342585
0.302994
0.264957
0.230555
0.202178
0.183261
0.175780
0.183662
0.202532
0.231866
0.266680
0.304002
0.342976
0.383365
0.423707
0.463684
0.503026
0.539611
0.575693
0.608898
0.640746
0.670031
0.697566
0.721988
0.744396
0.763688
0.779909
0.793261
0.786078
0.793733
0.798610
0.800117
0.798536
0.794011
0.786107
0.775571
0.761401
0.744852
0.725139
0.702705
0.677455
0.649749
0.619543
0.587057
0.552405
0.515647
0.477279
0.437227
0.395929
0.353624
0.311126
0.268741
0.227284
0.188858
0.156334
0.134900
0.130689
0.145376
0.174249
0.211453
0.252676
0.296337
0.340515
0.385091
0.429120
0.472511
0.514703
0.555754
0.595496
0.633499
0.669952
0.704890
0.737815
0.769546
0.799580
0.828341
0.856200
0.883511
0.911275
0.940084
0.971919
1.008775
1.054247
1.114145
1.197464
1.321313
1.518694
1.867393
2.610214
2.260506
4.671393
0.747194
0.612762
0.672720
0.690698
0.689641
0.679759
0.666215
0.651121
0.636547
0.623097
0.612050
0.603839
0.599013
0.597968
0.600799
0.607529
0.617860
0.631651
0.648471
0.667921
0.689441
0.712645
0.736969
0.762055
0.787154
0.812112
0.836494
0.860258
0.882653
0.903881
0.923432
0.941276
0.957137
0.970882
0.982467
0.991561
0.998514
1.002564
1.004488
1.003933
1.000497
0.995290
0.987172
0.976192
0.964442
0.949029
0.932614
0.913798
0.893768
0.871361
0.848374
0.824447
0.799686
0.774999
0.749263
0.724887
0.702139
0.681037
0.662101
0.644547
0.630455
0.618569
0.611696
0.020077
0.046927
0.097252
0.148746
0.199669
0.250024
0.300538
0.349740
0.397401
0.443468
0.488635
0.531600
0.573058
0.613000
0.650659
0.686211
0.719847
0.751028
0.780192
0.807099
0.831257
0.853096
0.873170
0.890565
0.905752
0.919171
0.930618
0.940371
0.948644
0.955610
0.961824
0.967230
0.972918
0.978763
0.985340
0.993520
1.003760
1.016965
1.033733
1.054831
1.081047
1.113488
1.153106
1.200270
1.256586
1.323077
1.400915
1.491757
1.597356
1.720568
1.864581
2.034160
2.235803
2.479025
2.778053
3.155089
3.646962
4.319371
5.303585
6.908596
10.109862
19.493708
50.292940
13.347533
4.304541
2.265169
1.490109
1.142102
0.976272
0.895954
0.856507
0.836586
0.825694
0.818410
0.811780
0.804377
0.795219
0.783901
0.770028
0.753630
0.734413
0.712625
0.687965
0.660959
0.631152
0.599158
0.564672
0.528047
0.489435
0.448796
0.406566
0.362622
0.317433
0.270891
0.223538
0.175278
0.126805
0.078607
0.035036
0.035883
0.079699
0.127869
0.176477
0.224688
0.271989
0.318639
0.363729
0.407664
0.449923
0.490436
0.529138
0.565630
0.600103
0.631918
0.661609
0.688476
0.712770
0.734253
0.752730
0.768428
0.781014
0.790597
0.796925
0.800318
0.800561
0.797555
0.790652
0.781442
0.769168
0.753897
0.735667
0.714519
0.690585
0.663944
0.634696
0.603075
0.568806
0.532730
0.494084
0.454018
0.411801
0.368340
0.323150
0.277064
0.229913
0.182113
0.134344
0.087380
0.046676
0.041916
0.079635
0.126079
0.174004
0.221963
0.269265
0.315886
0.361146
0.405365
0.447770
0.488797
0.527579
0.564819
0.599375
0.632105
0.662081
0.689722
0.714694
0.736900
0.756379
0.772979
0.786635
0.797576
0.805390
0.810550
0.812733
0.812323
0.809286
0.804072
0.796887
0.788371
0.779458
0.771643
0.767743
0.772873
0.798152
0.871001
1.079793
4.461909
12.418762
4.073486
1.737432
1.197222
0.972360
0.851875
0.777972
0.729435
0.697048
0.676295
0.664567
0.660218
0.662189
0.669311
0.681012
0.696119
0.714254
0.734526
0.756277
0.779085
0.802314
0.825487
0.848526
0.870592
0.891814
0.911653
0.929741
0.946061
0.960672
0.972862
0.983054
0.990847
0.996375
0.999190
0.999795
0.997635
0.993286
0.986333
0.977095
0.965536
0.951503
0.935595
0.917436
0.897393
0.876065
0.853997
0.830478
0.806174
0.779513
0.754756
0.729007
0.706089
0.683727
0.660925
0.643471
0.624996
0.612545
0.603030
0.596981
0.596667
0.597897
0.606076
0.616554
0.632740
0.254595
0.302783
0.349866
0.395783
0.440389
0.484084
0.525561
0.565135
0.602586
0.638394
0.671270
0.702091
0.730789
0.756375
0.780282
0.800818
0.819610
0.835380
0.848173
0.859130
0.867374
0.873265
0.877056
0.878913
0.878726
0.877117
0.874239
0.870139
0.865750
0.860900
0.856626
0.852970
0.850881
0.850993
0.853912
0.860129
0.870434
0.886253
0.906883
0.934333
0.967892
1.009060
1.057898
1.114976
1.180947
1.256397
1.342436
1.440204
1.551434
1.678353
1.824255
1.993549
2.192549
2.430496
2.721231
3.086361
3.561595
4.210891
5.161438
6.712902
9.810846
17.996075
46.089362
11.981956
3.755543
1.930065
1.267123
0.993737
0.877540
0.826689
0.801968
0.787286
0.775121
0.762653
0.748223
0.731444
0.711963
0.689813
0.665126
0.637919
0.608409
0.576971
0.543559
0.508619
0.472690
0.435689
0.398654
0.361655
0.326062
0.292782
0.263616
0.240373
0.225434
0.220761
0.227254
0.243744
0.268547
0.298921
0.333398
0.369828
0.407644
0.445740
0.483732
0.520882
0.557105
0.591969
0.625523
0.656413
0.685748
0.712565
0.737225
0.759115
0.778772
0.795422
0.808776
0.819846
0.827240
0.832793
0.834295
0.833108
0.828867
0.822223
0.812074
0.798991
0.783568
0.764557
0.704519
0.679456
0.651809
0.621675
0.589166
0.554649
0.517769
0.479360
0.439103
0.397867
0.355188
0.312091
0.268799
0.226716
0.187073
0.151626
0.128387
0.121368
0.134818
0.164588
0.201807
0.243786
0.287811
0.332676
0.377308
0.421673
0.465175
0.507366
0.548313
0.587667
0.625312
0.661161
0.694957
0.726717
0.756312
0.783793
0.809232
0.832252
0.853451
0.872433
0.889717
0.905106
0.919264
0.932356
0.944755
0.957092
0.970298
0.985132
1.002836
1.025105
1.053855
1.091899
1.142634
1.211149
1.304041
1.431781
1.610401
1.868233
2.260688
2.917456
4.247507
10.533979
28.028802
8.109328
2.952172
1.761181
1.279026
1.035465
0.898368
0.817711
0.770853
0.745649
0.735399
0.735309
0.742634
0.754892
0.770814
0.788732
0.808050
0.827695
0.847278
0.866218
0.884043
0.900469
0.915415
0.928383
0.939124
0.947784
0.954222
0.957950
0.959540
0.958312
0.954448
0.948270
0.939572
0.928479
0.914865
0.899050
0.880993
0.861019
0.839085
0.815743
0.790693
0.765021
0.737578
0.710592
0.683050
0.655684
0.629300
0.603689
0.580942
0.561957
0.543372
0.529117
0.522463
0.514518
0.517050
0.522448
0.531065
0.545260
0.562655
0.583190
0.606236
0.633396
0.659571
0.686742
0.493194
0.531985
0.569100
0.604176
0.636836
0.667557
0.695581
0.721114
0.743969
0.764307
0.781279
0.796283
0.808282
0.816856
0.823087
0.826604
0.827042
0.825098
0.820586
0.814093
0.804977
0.793949
0.780897
0.766500
0.751040
0.734539
0.717826
0.701224
0.685431
0.670973
0.658658
0.649259
0.643531
0.642089
0.646324
0.655668
0.671097
0.693531
0.722570
0.757726
0.799610
0.848038
0.902693
0.963582
1.031277
1.105688
1.187688
1.278285
1.378672
1.491014
1.617943
1.763232
1.932498
2.133587
2.378439
2.685638
3.085798
3.633628
4.437872
5.754365
8.390235
14.434475
36.593990
9.244637
2.790761
1.409026
0.958327
0.806670
0.756640
0.738153
0.727583
0.716666
0.703465
0.687004
0.667750
0.645729
0.621668
0.595894
0.569011
0.541413
0.514002
0.487110
0.461907
0.439098
0.419221
0.403772
0.393625
0.388741
0.390609
0.398193
0.411675
0.430037
0.452595
0.478341
0.506761
0.536816
0.567722
0.599363
0.630522
0.661474
0.691517
0.720250
0.747735
0.773155
0.796821
0.818087
0.837334
0.853927
0.868523
0.880568
0.889513
0.894624
0.898830
0.898986
0.897065
0.892623
0.884465
0.874794
0.860884
0.845312
0.828082
0.808699
0.784628
0.760536
0.734707
0.705497
0.537515
0.499659
0.460206
0.419218
0.377356
0.334695
0.291355
0.249626
0.209289
0.173499
0.147423
0.135280
0.140104
0.164177
0.199710
0.239790
0.282893
0.328154
0.374051
0.418468
0.463765
0.507547
0.550505
0.591853
0.632037
0.670266
0.706850
0.741645
0.774402
0.805332
0.834149
0.861165
0.885977
0.909246
0.930550
0.950457
0.968786
0.986116
1.002584
1.018878
1.035188
1.052041
1.070531
1.090937
1.115082
1.143433
1.177690
1.219447
1.270653
1.333908
1.412098
1.509113
1.630150
1.782212
1.975629
2.226139
2.559730
3.022296
3.705586
4.825688
7.064759
15.415968
40.426264
